14	
1	
-8	
11	
-2	
-8	
-1	
-1	
-8	
3	
-2	
10	
-4	
-6	
2	
-6	
-2	
-10	
-1	
-4	
-7	
2	
1	
5	
0	
16	
12	
4	
6	
0	
2	
0	
6	
4	
5	
12	
2	
11	
-5	
-10	
10	
2	
-9	
-7	
0	
-1	
-3	
9	
12	
3	
15	
9	
-3	
-3	
-8	
1	
-1	
2	
-5	
8	
3	
-5	
2	
-3	
-4	
9	
-14	
6	
-5	
-4	
-6	
-1	
-1	
6	
7	
-4	
-12	
-4	
-1	
16	
-6	
2	
10	
10	
0	
3	
-6	
21	
0	
12	
5	
10	
2	
8	
7	
5	
3	
-6	
-1	
7	
8	
11	
0	
-2	
4	
-5	
6	
-6	
-2	
4	
-12	
8	
-2	
2	
14	
5	
2	
0	
0	
7	
9	
8	
2	
-1	
-2	
1	
0	
1	
0	
6	
6	
9	
1	
3	
4	
-5	
-7	
-14	
5	
15	
6	
-2	
12	
4	
-11	
-6	
-3	
8	
2	
15	
0	
9	
9	
0	
0	
4	
-1	
2	
2	
-2	
4	
2	
-1	
4	
-1	
9	
1	
-5	
-15	
2	
8	
5	
3	
2	
-7	
8	
3	
-3	
-2	
0	
-3	
1	
1	
0	
-3	
7	
17	
1	
0	
2	
4	
4	
4	
-2	
2	
-2	
-2	
3	
-8	
6	
3	
5	
-4	
12	
-1	
-5	
1	
12	
0	
-6	
-9	
11	
-1	
4	
3	
9	
7	
-1	
-6	
6	
14	
6	
-7	
10	
-3	
-7	
7	
2	
-3	
10	
11	
-3	
10	
3	
4	
8	
-4	
-1	
6	
-1	
10	
8	
4	
2	
4	
8	
-9	
-1	
0	
10	
7	
4	
0	
4	
-7	
6	
6	
7	
-1	
2	
-1	
4	
3	
-4	
5	
-8	
12	
-6	
-2	
11	
-1	
15	
-1	
1	
4	
-4	
-2	
1	
-2	
-11	
14	
-3	
-2	
8	
-3	
5	
1	
-1	
8	
4	
-1	
4	
3	
2	
4	
2	
2	
4	
1	
-5	
-9	
5	
-4	
21	
9	
7	
15	
6	
4	
10	
2	
6	
3	
8	
1	
4	
11	
-1	
4	
3	
3	
8	
4	
1	
-6	
-3	
-11	
6	
7	
-2	
-4	
-16	
2	
-9	
6	
0	
-10	
2	
4	
-9	
2	
0	
-7	
-1	
2	
-3	
12	
6	
10	
9	
-12	
19	
4	
2	
0	
-13	
9	
7	
12	
12	
-4	
2	
10	
0	
11	
15	
0	
9	
12	
-1	
2	
8	
2	
-3	
14	
1	
11	
2	
-2	
20	
7	
1	
-3	
-4	
3	
3	
-9	
12	
7	
0	
4	
4	
6	
-4	
10	
11	
7	
2	
9	
3	
16	
10	
6	
0	
13	
22	
0	
1	
7	
3	
5	
9	
10	
12	
3	
-8	
-6	
14	
13	
2	
3	
-3	
2	
13	
3	
14	
2	
13	
-6	
14	
-1	
18	
7	
4	
6	
13	
16	
14	
17	
8	
15	
23	
13	
22	
22	
24	
2	
11	
18	
37	
23	
30	
26	
24	
23	
38	
15	
28	
35	
43	
27	
31	
47	
22	
42	
31	
41	
46	
42	
45	
41	
38	
65	
59	
51	
64	
45	
58	
58	
46	
37	
69	
52	
71	
52	
55	
43	
53	
58	
43	
41	
53	
55	
39	
35	
36	
41	
40	
34	
27	
25	
26	
36	
24	
26	
28	
18	
25	
12	
20	
26	
17	
19	
18	
13	
33	
11	
17	
15	
16	
1	
21	
15	
24	
6	
27	
19	
10	
4	
6	
13	
7	
3	
10	
15	
9	
0	
-3	
3	
3	
12	
0	
5	
12	
11	
-3	
4	
-1	
12	
-3	
6	
12	
-1	
12	
4	
10	
4	
8	
6	
9	
5	
13	
4	
7	
8	
12	
8	
12	
22	
10	
-2	
6	
13	
18	
3	
-4	
2	
-3	
12	
12	
12	
20	
8	
12	
-3	
6	
9	
4	
-1	
13	
-6	
4	
14	
-2	
5	
3	
12	
1	
11	
10	
14	
12	
5	
8	
14	
3	
6	
3	
16	
0	
2	
6	
-4	
-3	
8	
10	
-3	
0	
9	
7	
10	
8	
-3	
9	
12	
10	
6	
-1	
-1	
20	
-4	
8	
13	
22	
15	
2	
11	
19	
12	
5	
13	
1	
-1	
14	
-1	
19	
10	
13	
-1	
12	
6	
4	
4	
12	
10	
13	
-8	
12	
2	
10	
13	
10	
-5	
-2	
8	
10	
7	
-8	
-10	
10	
4	
14	
11	
4	
9	
6	
14	
-2	
3	
20	
-4	
5	
11	
5	
8	
0	
12	
0	
1	
9	
1	
4	
10	
4	
4	
9	
1	
0	
5	
-1	
8	
2	
9	
6	
4	
10	
0	
11	
2	
0	
6	
5	
6	
21	
1	
13	
14	
-2	
0	
1	
6	
-1	
-5	
4	
13	
0	
13	
8	
1	
12	
11	
7	
0	
-5	
2	
6	
-8	
9	
-11	
6	
2	
10	
-1	
3	
7	
8	
5	
5	
-4	
1	
-1	
2	
-2	
5	
-3	
0	
15	
-5	
-1	
2	
1	
6	
8	
5	
-6	
1	
2	
-5	
-2	
8	
7	
8	
-5	
10	
1	
12	
23	
4	
7	
5	
-6	
12	
13	
0	
7	
1	
4	
-8	
5	
4	
4	
10	
4	
-1	
6	
-1	
3	
-2	
0	
10	
17	
-5	
-3	
-1	
-1	
7	
0	
-2	
2	
15	
3	
7	
6	
0	
10	
-2	
-11	
-3	
4	
7	
11	
-4	
7	
-2	
8	
-8	
3	
14	
4	
12	
-1	
6	
9	
10	
4	
3	
2	
13	
-8	
-4	
-1	
0	
4	
5	
11	
0	
-7	
1	
3	
16	
18	
2	
-4	
2	
4	
4	
2	
5	
2	
3	
3	
-1	
-2	
2	
0	
-3	
-3	
12	
3	
7	
18	
8	
3	
13	
1	
11	
-3	
1	
-14	
1	
1	
4	
8	
-2	
5	
-2	
-5	
12	
12	
16	
-4	
-5	
8	
9	
-6	
-4	
10	
-8	
26	
1	
1	
-2	
2	
-3	
-1	
-7	
8	
11	
2	
-6	
10	
7	
-4	
5	
-1	
4	
-5	
0	
-6	
10	
1	
2	
9	
-10	
-3	
1	
9	
13	
9	
-3	
-5	
5	
-6	
-5	
4	
16	
-6	
0	
3	
2	
-7	
-1	
-1	
13	
7	
-6	
-8	
-1	
1	
-2	
-5	
-1	
0	
1	
3	
7	
2	
-5	
7	
0	
8	
-7	
0	
2	
-11	
1	
-4	
6	
-1	
0	
-7	
-6	
-3	
4	
6	
-3	
-2	
-5	
-5	
5	
17	
8	
4	
-1	
-7	
-2	
0	
4	
-8	
7	
5	
10	
2	
0	
-2	
4	
4	
17	
12	
6	
1	
5	
-4	
2	
-4	
1	
4	
13	
3	
1	
-5	
0	
-3	
8	
22	
6	
3	
-4	
1	
9	
8	
-2	
-2	
-11	
-4	
9	
1	
0	
2	
3	
-3	
3	
5	
12	
